0 0.66640625 0.2484375 0.0578125 0.0921875
0 0.6140625 0.3984375 0.06640625 0.0921875
0 0.61015625 0.65625 0.065625 0.0890625
0 0.584375 0.8484375 0.05546875 0.08671875
0 0.54296875 0.2171875 0.0625 0.09375
0 0.5390625 0.0859375 0.0546875 0.0953125
0 0.4734375 0.1703125 0.04765625 0.1171875
0 0.45 0.38046875 0.03984375 0.08359375
0 0.47421875 0.43046875 0.05390625 0.0890625
0 0.51796875 0.521875 0.04765625 0.08828125
0 0.53671875 0.55859375 0.05 0.090625
0 0.5203125 0.7484375 0.05078125 0.11875
0 0.3421875 0.23671875 0.0421875 0.0953125
0 0.365625 0.39921875 0.0390625 0.0890625
0 0.28671875 0.42109375 0.04375 0.08828125
0 0.33046875 0.48125 0.03203125 0.08828125
0 0.30859375 0.6125 0.04296875 0.07734375
0 0.371875 0.62109375 0.03984375 0.0921875
0 0.3515625 0.546875 0.0484375 0.0734375
0 0.359375 0.50078125 0.05625 0.05703125
0 0.44140625 0.68046875 0.046875 0.10234375
0 0.3703125 0.71640625 0.03984375 0.0984375
0 0.3 0.7046875 0.06875 0.075
0 0.4015625 0.890625 0.034375 0.08671875
0 0.45625 0.93046875 0.05859375 0.0484375
0 0.35390625 0.103125 0.065625 0.06328125
0 0.30625 0.0890625 0.034375 0.071875
0 0.31953125 0.02109375 0.04296875 0.0421875