0 0.1015625 0.28984375 0.12890625 0.15
0 0.25703125 0.38671875 0.1125 0.1484375
0 0.0765625 0.74765625 0.11484375 0.25625
0 0.2203125 0.6453125 0.12109375 0.1640625
0 0.24375 0.728125 0.1109375 0.1375
0 0.378125 0.74765625 0.1234375 0.16171875
0 0.5109375 0.79453125 0.1234375 0.1640625
0 0.67890625 0.82734375 0.1984375 0.14375
0 0.778125 0.65234375 0.06953125 0.18203125
0 0.6609375 0.6640625 0.09765625 0.1640625
0 0.5765625 0.60625 0.07109375 0.13046875
0 0.7921875 0.30078125 0.13984375 0.10703125
0 0.9390625 0.31484375 0.121875 0.10546875
0 0.93515625 0.51640625 0.1296875 0.19140625
0 0.7234375 0.46640625 0.1203125 0.15390625
0 0.8734375 0.12109375 0.1203125 0.1109375
0 0.3265625 0.58125 0.109375 0.10234375
0 0.4984375 0.625 0.0765625 0.1125