0 0.1890625 0.19765625 0.12421875 0.12890625
0 0.25625 0.30234375 0.1125 0.1609375
0 0.31328125 0.39453125 0.09609375 0.159375
0 0.61796875 0.14609375 0.14375 0.14921875
0 0.53046875 0.29140625 0.07578125 0.17421875
0 0.59375 0.37890625 0.16953125 0.14609375
0 0.5796875 0.53359375 0.1359375 0.11171875
0 0.42265625 0.4703125 0.10390625 0.1859375
0 0.23359375 0.51875 0.12421875 0.1328125
0 0.215625 0.6328125 0.10234375 0.16875
0 0.24375 0.76953125 0.06171875 0.1515625
0 0.33359375 0.69609375 0.0859375 0.17421875
0 0.48359375 0.70390625 0.1375 0.153125
0 0.60625 0.6765625 0.15859375 0.12421875
0 0.8296875 0.6546875 0.128125 0.19140625