0 0.42109375 0.08359375 0.0671875 0.13203125
0 0.45 0.24921875 0.07109375 0.0890625
0 0.52265625 0.4921875 0.07265625 0.1109375
0 0.40703125 0.46953125 0.07109375 0.18125
0 0.87421875 0.77734375 0.07578125 0.15703125
0 0.65 0.8921875 0.05078125 0.17109375
0 0.5734375 0.77109375 0.075 0.1140625
0 0.51171875 0.934375 0.07421875 0.1125
0 0.765625 0.96953125 0.1 0.0609375
0 0.42421875 0.89296875 0.0375 0.16640625
0 0.396875 0.80703125 0.0734375 0.109375
0 0.32578125 0.84140625 0.0578125 0.13984375
0 0.2671875 0.678125 0.053125 0.13671875
0 0.34609375 0.71796875 0.053125 0.115625
0 0.4046875 0.6953125 0.0796875 0.0890625
0 0.26171875 0.51328125 0.0640625 0.12578125
0 0.18125 0.57421875 0.0484375 0.16484375
0 0.1421875 0.79765625 0.0796875 0.121875