0 0.50703125 0.2234375 0.10546875 0.328125
0 0.45546875 0.42734375 0.1375 0.0703125
0 0.30859375 0.58046875 0.13828125 0.2359375
0 0.13359375 0.85234375 0.20390625 0.12734375
0 0.4421875 0.8453125 0.1828125 0.18125
0 0.3421875 0.86640625 0.06171875 0.165625
0 0.55859375 0.73515625 0.19453125 0.2234375
0 0.50078125 0.76640625 0.10859375 0.115625
0 0.43046875 0.60546875 0.084375 0.18125
0 0.47421875 0.5390625 0.08828125 0.1171875
0 0.61171875 0.62421875 0.09453125 0.196875
0 0.69453125 0.59921875 0.12109375 0.13984375
0 0.6171875 0.41953125 0.07578125 0.1484375
0 0.67265625 0.41171875 0.0859375 0.15859375
0 0.73203125 0.35078125 0.1015625 0.115625
0 0.92734375 0.8765625 0.13203125 0.13046875
0 0.17109375 0.6328125 0.1078125 0.2046875
0 0.165625 0.4546875 0.10703125 0.190625
0 0.340625 0.41328125 0.08671875 0.13828125