0 0.2984375 0.1703125 0.128125 0.1359375
0 0.43203125 0.28203125 0.15703125 0.13984375
0 0.5234375 0.4953125 0.240625 0.603125
0 0.646875 0.4421875 0.07578125 0.21796875
0 0.784375 0.23203125 0.12109375 0.15546875
0 0.2 0.20859375 0.0796875 0.19765625
0 0.24296875 0.68359375 0.121875 0.16171875
0 0.290625 0.7828125 0.12265625 0.2125
0 0.365625 0.85546875 0.11640625 0.15546875
0 0.45390625 0.83828125 0.11171875 0.21328125
0 0.36953125 0.61484375 0.09140625 0.14140625
0 0.575 0.6703125 0.07421875 0.25