0 0.14609375 0.18046875 0.0765625 0.09453125
0 0.22890625 0.259375 0.06328125 0.17421875
0 0.196875 0.07890625 0.0890625 0.1171875
0 0.6078125 0.246875 0.07265625 0.175
0 0.7078125 0.1046875 0.11484375 0.1203125
0 0.86640625 0.14453125 0.090625 0.1171875
0 0.74140625 0.246875 0.10703125 0.1171875
0 0.71875 0.4625 0.09296875 0.16484375
0 0.5953125 0.60234375 0.08125 0.159375
0 0.64765625 0.73046875 0.07109375 0.1421875
0 0.54375 0.83046875 0.0796875 0.1015625
0 0.47109375 0.60703125 0.06953125 0.12734375
0 0.41328125 0.65546875 0.07734375 0.13203125
0 0.4140625 0.78203125 0.08671875 0.09453125
0 0.4625 0.79609375 0.05859375 0.12578125
0 0.5234375 0.6546875 0.08203125 0.15078125
0 0.528125 0.7453125 0.0828125 0.06796875
0 0.371875 0.059375 0.09296875 0.115625