0 0.15859375 0.64375 0.10390625 0.090625
0 0.253125 0.521875 0.11015625 0.0609375
0 0.3640625 0.55859375 0.08828125 0.1
0 0.30859375 0.6109375 0.125 0.05546875
0 0.53515625 0.5296875 0.10078125 0.0625
0 0.64921875 0.4609375 0.10234375 0.05859375
0 0.62890625 0.3140625 0.10703125 0.078125
0 0.56640625 0.25234375 0.06328125 0.115625
0 0.43828125 0.284375 0.090625 0.08046875
0 0.36640625 0.16328125 0.06171875 0.13203125
0 0.28515625 0.27421875 0.09140625 0.10703125
0 0.215625 0.1390625 0.07265625 0.096875
0 0.17421875 0.0421875 0.0625 0.08203125
0 0.13671875 0.16328125 0.09296875 0.0734375
0 0.153125 0.309375 0.07265625 0.121875
0 0.05234375 0.234375 0.08203125 0.1390625
0 0.81640625 0.6453125 0.10546875 0.090625
0 0.77421875 0.590625 0.103125 0.08359375
0 0.7359375 0.51484375 0.09921875 0.07109375
0 0.79609375 0.346875 0.1125 0.090625
0 0.82265625 0.25546875 0.06484375 0.08046875
0 0.93359375 0.32265625 0.06328125 0.09296875
0 0.85703125 0.440625 0.07890625 0.125
0 0.45859375 0.796875 0.12421875 0.0875
0 0.2640625 0.6953125 0.090625 0.09609375
0 0.29921875 0.721875 0.07734375 0.10546875