0 0.7359375 0.4109375 0.08828125 0.12265625
0 0.53359375 0.36484375 0.0671875 0.0734375
0 0.3921875 0.53203125 0.04296875 0.05390625
0 0.25 0.5703125 0.05625 0.04921875
0 0.3 0.659375 0.05625 0.06015625
0 0.3421875 0.865625 0.0578125 0.11875
0 0.228125 0.71328125 0.05703125 0.05390625
0 0.10546875 0.390625 0.0453125 0.0734375
0 0.69375 0.66171875 0.0578125 0.040625
0 0.58515625 0.5671875 0.065625 0.10625
0 0.91171875 0.45546875 0.04609375 0.0453125
0 0.9578125 0.48125 0.03671875 0.065625
0 0.9078125 0.63046875 0.06171875 0.05546875
0 0.52421875 0.4984375 0.04609375 0.06484375