0 0.91875 0.46171875 0.11640625 0.18046875
0 0.76953125 0.5046875 0.09453125 0.115625
0 0.721875 0.38046875 0.14765625 0.09140625
0 0.60234375 0.4875 0.13046875 0.08984375
0 0.4953125 0.4890625 0.11015625 0.16953125
0 0.44140625 0.6421875 0.15859375 0.0953125
0 0.58359375 0.77734375 0.15234375 0.06796875
0 0.5390625 0.94375 0.10859375 0.11171875
0 0.4546875 0.9109375 0.0953125 0.1296875
0 0.29921875 0.9046875 0.1328125 0.09921875
0 0.36328125 0.45703125 0.10078125 0.12265625
0 0.17890625 0.234375 0.17734375 0.11015625
0 0.24765625 0.2921875 0.13828125 0.10078125
0 0.13203125 0.0625 0.1625 0.125
0 0.240625 0.13046875 0.1203125 0.06484375
0 0.346875 0.0578125 0.0734375 0.06640625
0 0.07109375 0.34375 0.05703125 0.09375
0 0.04765625 0.73984375 0.07265625 0.1328125
0 0.040625 0.91875 0.06328125 0.12421875
0 0.28359375 0.54296875 0.09140625 0.1171875
0 0.39765625 0.1703125 0.09296875 0.084375