0 0.3140625 0.50703125 0.14765625 0.42734375
0 0.53515625 0.0921875 0.08125 0.07265625
0 0.7078125 0.47890625 0.05546875 0.14609375
0 0.67890625 0.64296875 0.075 0.12734375
0 0.4796875 0.71328125 0.05390625 0.16328125
0 0.5421875 0.8453125 0.04453125 0.1484375
0 0.725 0.9359375 0.1078125 0.115625
0 0.83828125 0.87734375 0.09375 0.121875
0 0.32109375 0.78359375 0.090625 0.10546875
0 0.17734375 0.303125 0.046875 0.17421875
0 0.15546875 0.17421875 0.0703125 0.0546875
0 0.30078125 0.17421875 0.08203125 0.096875
0 0.3203125 0.265625 0.0234375 0.1203125
0 0.35078125 0.3671875 0.07578125 0.1140625
0 0.1828125 0.45234375 0.06171875 0.1046875
0 0.12890625 0.42890625 0.0734375 0.1546875
0 0.11015625 0.31015625 0.05234375 0.13125
0 0.4625 0.3078125 0.071875 0.0828125
0 0.4203125 0.53203125 0.0859375 0.103125
0 0.54140625 0.9609375 0.096875 0.07734375