0 0.34609375 0.25390625 0.065625 0.17890625
0 0.50234375 0.39140625 0.05546875 0.19609375
0 0.6171875 0.365625 0.059375 0.20625
0 0.60546875 0.10703125 0.0515625 0.17890625
0 0.69375 0.11875 0.071875 0.2375
0 0.80078125 0.09921875 0.11171875 0.14140625
0 0.8234375 0.5359375 0.08046875 0.165625
0 0.940625 0.64140625 0.1 0.1515625
0 0.9125 0.790625 0.1140625 0.16171875
0 0.77890625 0.73046875 0.10390625 0.1734375
0 0.6125 0.8390625 0.05546875 0.1859375
0 0.2890625 0.72265625 0.14140625 0.0953125
0 0.425 0.72734375 0.0875 0.19375
0 0.5109375 0.64609375 0.075 0.17578125
0 0.43828125 0.93515625 0.07265625 0.1296875
0 0.184375 0.19375 0.1125 0.10546875
0 0.4546875 0.09140625 0.053125 0.1828125
0 0.1671875 0.04765625 0.1046875 0.0953125
0 0.10625 0.321875 0.1046875 0.109375