0 0.81484375 0.26171875 0.3046875 0.21484375
0 0.78515625 0.50859375 0.1265625 0.17109375
0 0.91796875 0.54453125 0.1640625 0.28671875
0 0.628125 0.64453125 0.1421875 0.1953125
0 0.57265625 0.7515625 0.11015625 0.14921875
0 0.43828125 0.76484375 0.08828125 0.25390625
0 0.30625 0.9328125 0.178125 0.134375
0 0.284375 0.7453125 0.09765625 0.159375
0 0.1859375 0.71953125 0.1484375 0.26796875
0 0.0515625 0.84375 0.103125 0.275
0 0.0671875 0.50859375 0.134375 0.13984375
0 0.196875 0.4484375 0.08984375 0.25078125
0 0.28125 0.3609375 0.09765625 0.178125
0 0.3875 0.16328125 0.10078125 0.19765625