0 0.76328125 0.784375 0.3078125 0.13828125
0 0.51640625 0.76640625 0.1921875 0.15078125
0 0.3234375 0.72421875 0.1734375 0.1578125
0 0.1171875 0.696875 0.175 0.09375
0 0.7515625 0.65234375 0.1640625 0.1625
0 0.9234375 0.6328125 0.11953125 0.159375
0 0.84296875 0.45859375 0.178125 0.096875
0 0.85078125 0.15390625 0.1328125 0.18828125
0 0.73828125 0.084375 0.1765625 0.16875
0 0.2328125 0.57265625 0.18125 0.0828125
0 0.1171875 0.42265625 0.1640625 0.1265625
0 0.4734375 0.95234375 0.209375 0.0953125
0 0.51015625 0.61328125 0.12265625 0.08984375