4 0.471875 0.72109375 0.30625 0.271875
2 0.5 0.44296875 0.2015625 0.125
2 0.33515625 0.42890625 0.209375 0.1875
2 0.20078125 0.52421875 0.1671875 0.1359375
0 0.2625 0.534375 0.0265625 0.0265625
2 0.5328125 0.5796875 0.2203125 0.2109375
2 0.696875 0.79453125 0.1671875 0.153125
0 0.628125 0.7984375 0.0234375 0.0265625
2 0.3609375 0.609375 0.175 0.15625
1 0.15703125 0.65625 0.2265625 0.203125
1 0.225 0.80234375 0.196875 0.2234375
1 0.0921875 0.80390625 0.184375 0.153125
5 0.6484375 0.6578125 0.2203125 0.23125
5 0.7328125 0.384375 0.1671875 0.1796875