4 0.45390625 0.70546875 0.240625 0.19921875
2 0.4859375 0.45078125 0.17109375 0.078125
2 0.63515625 0.471875 0.165625 0.13828125
2 0.7359375 0.584375 0.13515625 0.0953125
0 0.678125 0.58125 0.0203125 0.0203125
2 0.428125 0.56640625 0.1703125 0.159375
2 0.23828125 0.72421875 0.13046875 0.1125
0 0.2984375 0.74140625 0.0171875 0.0203125
2 0.575 0.628125 0.1375 0.11484375
1 0.7484375 0.71171875 0.17890625 0.14921875
1 0.65703125 0.82734375 0.14296875 0.1765625
1 0.775 0.85625 0.14765625 0.11015625
5 0.30859375 0.61171875 0.165625 0.17890625
5 0.28984375 0.35078125 0.125 0.140625