4 0.5546875 0.7578125 0.284375 0.2453125
2 0.55390625 0.48125 0.19375 0.10625
2 0.390625 0.484375 0.1953125 0.1703125
2 0.26796875 0.5921875 0.1578125 0.1203125
0 0.33046875 0.59609375 0.025 0.025
2 0.6 0.6125 0.203125 0.1921875
2 0.78359375 0.80625 0.1546875 0.1375
0 0.7171875 0.8171875 0.021875 0.025
2 0.434375 0.659375 0.1625 0.140625
1 0.23828125 0.7265625 0.2109375 0.1828125
1 0.32109375 0.86328125 0.1765625 0.2078125
1 0.190625 0.87734375 0.1734375 0.1375
5 0.72265625 0.6765625 0.2015625 0.2140625
5 0.7765625 0.4 0.1515625 0.1671875