5 0.0625 0.59140625 0.09921875 0.2453125
5 0.3 0.690625 0.1125 0.17109375
1 0.13671875 0.4734375 0.0734375 0.15234375
2 0.38984375 0.8203125 0.06171875 0.17109375
2 0.27734375 0.875 0.10234375 0.16953125
2 0.52890625 0.76875 0.0828125 0.16328125
2 0.4828125 0.68671875 0.08984375 0.1375
1 0.79375 0.60234375 0.0953125 0.18828125
1 0.54765625 0.48515625 0.10703125 0.2453125
0 0.4515625 0.3453125 0.02421875 0.05390625
0 0.4625 0.42265625 0.03125 0.03359375
0 0.45 0.5390625 0.0125 0.02421875
0 0.4359375 0.5296875 0.01328125 0.05
0 0.35703125 0.53203125 0.0328125 0.040625
0 0.31484375 0.52890625 0.01171875 0.0265625
0 0.315625 0.46171875 0.015625 0.025
0 0.42265625 0.36328125 0.02578125 0.0359375
0 0.62578125 0.5203125 0.0109375 0.03203125