5 0.090625 0.2890625 0.1625 0.275
5 0.3578125 0.24765625 0.1578125 0.203125
1 0.1359375 0.4265625 0.1140625 0.1734375
2 0.48203125 0.13828125 0.10625 0.190625
2 0.38125 0.0765625 0.146875 0.153125
2 0.61015625 0.2265625 0.125 0.1875
2 0.5421875 0.29765625 0.1265625 0.1625
1 0.83828125 0.4625 0.1453125 0.215625
1 0.5578125 0.51953125 0.171875 0.278125
0 0.42421875 0.63828125 0.0390625 0.0609375
0 0.4546875 0.5609375 0.040625 0.0421875
0 0.471875 0.43984375 0.01875 0.028125
0 0.4546875 0.44609375 0.0265625 0.0546875
0 0.375 0.42265625 0.04375 0.05
0 0.33125 0.415625 0.01875 0.0296875
0 0.315625 0.484375 0.021875 0.0296875
0 0.39921875 0.61171875 0.034375 0.0421875
0 0.6453125 0.50390625 0.01875 0.0359375