5 0.946875 0.43984375 0.10625 0.2609375
5 0.7203125 0.3171875 0.1296875 0.184375
1 0.86875 0.55390625 0.0890625 0.1625
2 0.640625 0.175 0.078125 0.18125
2 0.7609375 0.12890625 0.11875 0.1828125
2 0.49453125 0.215625 0.1 0.175
2 0.53359375 0.3046875 0.1046875 0.15
1 0.2078125 0.3625 0.1140625 0.2015625
1 0.44921875 0.5046875 0.13125 0.2625
0 0.53515625 0.6578125 0.0296875 0.0578125
0 0.53125 0.57734375 0.034375 0.0375
0 0.55390625 0.45859375 0.0140625 0.0265625
0 0.56796875 0.46875 0.01875 0.053125
0 0.64921875 0.4734375 0.0375 0.0453125
0 0.69140625 0.48125 0.0140625 0.028125
0 0.684375 0.55 0.01875 0.0265625
0 0.5671875 0.64140625 0.0296875 0.0390625
0 0.3734375 0.4625 0.0140625 0.034375