2 0.61875 0.0546875 0.06875 0.0765625
2 0.6546875 0.4703125 0.0375 0.09140625
2 0.69921875 0.47109375 0.0359375 0.08984375
2 0.8828125 0.4359375 0.0875 0.08984375
2 0.8109375 0.5359375 0.053125 0.1046875
2 0.896875 0.546875 0.0734375 0.0796875
2 0.77265625 0.6265625 0.04921875 0.11171875
2 0.1859375 0.35 0.03984375 0.08828125
2 0.3171875 0.62109375 0.06015625 0.08359375
2 0.41171875 0.50625 0.06484375 0.0796875
2 0.42734375 0.44453125 0.03515625 0.08359375
2 0.4375 0.31328125 0.05078125 0.103125
2 0.48203125 0.359375 0.05078125 0.08359375
2 0.51953125 0.3859375 0.0453125 0.08984375
2 0.5359375 0.23671875 0.07421875 0.0703125
2 0.44453125 0.09140625 0.0359375 0.096875
2 0.50234375 0.12109375 0.04296875 0.10703125
2 0.565625 0.16328125 0.053125 0.11171875
2 0.628125 0.665625 0.0578125 0.075
2 0.815625 0.6359375 0.046875 0.0984375
2 0.90703125 0.66328125 0.04375 0.09375
2 0.8296875 0.7046875 0.05859375 0.046875