2 0.31328125 0.07890625 0.0796875 0.0859375
2 0.3421875 0.49453125 0.0515625 0.096875
2 0.2984375 0.50234375 0.05 0.09375
2 0.11171875 0.496875 0.1 0.103125
2 0.1984375 0.584375 0.06875 0.1109375
2 0.115625 0.60859375 0.084375 0.090625
2 0.25078125 0.66796875 0.065625 0.11875
2 0.78671875 0.30234375 0.053125 0.09375
2 0.69921875 0.590625 0.071875 0.0921875
2 0.58828125 0.4921875 0.0765625 0.0890625
2 0.56328125 0.43359375 0.0484375 0.0875
2 0.5328125 0.30546875 0.065625 0.109375
2 0.49609375 0.35859375 0.0625 0.090625
2 0.4625 0.390625 0.059375 0.0953125
2 0.4234375 0.2453125 0.084375 0.08125
2 0.490625 0.0875 0.05 0.1015625
2 0.43828125 0.12578125 0.059375 0.1125
2 0.3828125 0.17734375 0.0703125 0.11875
2 0.39921875 0.68359375 0.06875 0.0828125
2 0.209375 0.68359375 0.0609375 0.1046875
2 0.1234375 0.725 0.0578125 0.1
2 0.20625 0.75390625 0.065625 0.0546875