2 0.65703125 0.965625 0.075 0.065625
2 0.690625 0.52578125 0.0421875 0.0984375
2 0.73828125 0.52421875 0.040625 0.096875
2 0.9359375 0.55859375 0.0953125 0.0984375
2 0.85703125 0.45234375 0.059375 0.1140625
2 0.94921875 0.4390625 0.0796875 0.0859375
2 0.8140625 0.35546875 0.0546875 0.121875
2 0.18828125 0.6640625 0.0453125 0.0953125
2 0.32421875 0.3703125 0.065625 0.090625
2 0.428125 0.4921875 0.0703125 0.0859375
2 0.44609375 0.55703125 0.0390625 0.090625
2 0.45859375 0.69921875 0.05625 0.1125
2 0.50703125 0.6484375 0.05625 0.090625
2 0.546875 0.61875 0.05 0.096875
2 0.5671875 0.7796875 0.08125 0.0765625
2 0.471875 0.9375 0.040625 0.1046875
2 0.5328125 0.90390625 0.0484375 0.1171875
2 0.6 0.8578125 0.059375 0.121875
2 0.6578125 0.31640625 0.0640625 0.08125
2 0.86015625 0.34453125 0.053125 0.1078125
2 0.9578125 0.3140625 0.05 0.103125
2 0.8734375 0.27109375 0.0640625 0.0515625