4 0.503125 0.48515625 0.4203125 0.51875
2 0.40703125 0.33046875 0.17421875 0.1625
2 0.18125 0.58671875 0.1828125 0.115625
2 0.203125 0.67578125 0.2578125 0.221875
2 0.3203125 0.70703125 0.14765625 0.08671875
2 0.66328125 0.6375 0.11328125 0.11015625
5 0.16484375 0.3484375 0.20859375 0.2828125
5 0.8015625 0.41796875 0.25390625 0.3578125
0 0.38515625 0.5078125 0.0640625 0.03359375
0 0.29375 0.509375 0.09140625 0.05625
0 0.35078125 0.459375 0.0953125 0.0578125
0 0.3140625 0.5390625 0.084375 0.06953125